

#################################################################################################################
                                     Instance Name           Movement (microns)        Orig Loc        New Loc
#################################################################################################################
                                        clk__L4_I5                  12       (61.6, 31.8)       (73.6, 31.8)
                                        clk__L5_I2                11.8       (67, 50.8)       (78.8, 50.8)
                                             g7320                10.4       (70, 31.8)       (78.4, 33.8)
                                             g7265                 9.8       (68.2, 31.8)       (78, 31.8)
                                             g6097                 9.4       (60.4, 31.8)       (51, 31.8)
                                        clk__L5_I0                 8.8       (67, 50.8)       (73.8, 52.8)
                                        clk__L2_I5                 8.6       (68.6, 31.8)       (75.2, 33.8)
                                              g106                 8.6       (71.8, 50.8)       (78.4, 52.8)
                                             g7196                 8.4       (75.2, 33.8)       (79.8, 30)
                                              g627                 8.2       (74.2, 50.8)       (80.4, 52.8)
                                               g13                   8       (70.8, 31.8)       (77, 30)
                                             g7219                 7.6       (72.8, 31.8)       (78.6, 30)
                                             g7258                 7.2       (69.6, 33.8)       (75, 35.6)
                                              g105                 7.2       (69.8, 50.8)       (75.2, 49)
                                              g101                 7.2       (68.6, 50.8)       (74, 49)
                                             g7166                 7.2       (75.6, 35.6)       (80.8, 37.6)
                                        clk__L2_I3                 7.2       (65.2, 50.8)       (72.4, 50.8)
                                             g6007                   7       (53.8, 50.8)       (48.6, 49)
                                             g5990                   7       (40.6, 49)       (33.6, 49)
                                        clk__L3_I2                   7       (67.6, 50.8)       (72.8, 49)
                                        clk__L3_I5                 6.8       (67.6, 50.8)       (72.4, 52.8)
                                        clk__L1_I0                 6.8       (60.4, 31.8)       (67.2, 31.8)
                                             g7223                 6.8       (38.6, 52.8)       (31.8, 52.8)
                                               g51                 6.6       (55.2, 50.8)       (50.6, 52.8)
                                    sub_op1_reg[1]                 6.6       (42, 54.6)       (41.2, 60.4)
                                        clk__L3_I8                 6.2       (65.2, 50.8)       (59, 50.8)
                                             g7249                 6.2       (55.4, 37.6)       (51, 39.4)
                                               g19                   6       (77, 30)       (81.2, 31.8)
                                              g127                   6       (68.8, 35.6)       (72.8, 37.6)
                                               g14                   6       (67.8, 50.8)       (72, 49)
                                             g7165                   6       (76.6, 37.6)       (80.8, 39.4)
                                             g7164                   6       (77.8, 37.6)       (82, 39.4)
                                             g6096                   6       (60.4, 33.8)       (60.8, 39.4)
                                             g6130                   6       (63, 37.6)       (65.2, 41.4)
                                             g6098                 5.8       (56, 31.8)       (50.2, 31.8)
                                             g6141                 5.8       (75.4, 52.8)       (81.2, 52.8)
                                              g130                 5.8       (75, 35.6)       (78.8, 37.6)
                                               g20                 5.8       (76.8, 31.8)       (82.6, 31.8)
                                              g111                 5.6       (77.8, 49)       (81.4, 47)
                                               g52                 5.6       (55.4, 49)       (51.8, 47)
                                              g104                 5.4       (73.8, 52.8)       (79.2, 52.8)
                                          good_reg                 5.4       (71.4, 39.4)       (74.8, 41.4)
                                             g6026                 5.4       (65.8, 31.8)       (69.2, 33.8)
                                        clk__L3_I9                 5.4       (62.2, 31.8)       (63.8, 35.6)
                                             g6006                 5.4       (46, 50.8)       (42.6, 52.8)
                                             g6003                 5.2       (51.8, 50.8)       (48.6, 52.8)
                                    FE_OCPC1_n_418                   5       (68.2, 49)       (71.2, 47)
                                        clk__L4_I1                   5       (67, 50.8)       (70.2, 49)
                                             g6119                   5       (51.4, 52.8)       (50.2, 56.6)
                                              g102                   5       (71.2, 49)       (74.2, 47)
                                             g7353                   5       (74.4, 49)       (77.4, 47)
                                             g7317                   5       (67.4, 31.8)       (70.4, 33.8)
                                             g7243                   5       (58.2, 50.8)       (55, 49)
                                              g620                 4.8       (67, 39.4)       (69.8, 41.4)
                                               g22                 4.8       (64.6, 50.8)       (61.8, 52.8)
                                             g6105                 4.8       (64, 50.8)       (61.2, 52.8)
                                             g6020                 4.8       (61.2, 52.8)       (58.2, 54.6)
                                             g7186                 4.8       (51, 39.4)       (48.2, 41.4)
                                             g7168                 4.6       (72.4, 52.8)       (77, 52.8)
                                             g6110                 4.6       (62.2, 50.8)       (61.4, 47)
                                               g57                 4.6       (57.4, 33.8)       (56.6, 37.6)
                                               g15                 4.6       (75, 31.8)       (79.6, 31.8)
                                             g6027                 4.4       (62.8, 31.8)       (65.2, 33.8)
                                        clk__L3_I7                 4.4       (59.6, 39.4)       (64, 39.4)
                                             g5983                 4.4       (63.8, 31.8)       (66.2, 33.8)
                                             g6004                 4.4       (39.2, 50.8)       (38.6, 54.6)
                                        clk__L4_I4                 4.2       (58.8, 50.8)       (54.6, 50.8)
                                             g7179                 4.2       (75.2, 37.6)       (79.4, 37.6)
                                              g108                 4.2       (69.8, 49)       (72, 47)
                                              g624                 4.2       (66.8, 50.8)       (66.4, 54.6)
                                              g623                 3.8       (63.6, 39.4)       (67.4, 39.4)
                                             g7276                 3.8       (73, 49)       (76.8, 49)
                                             g7268                 3.8       (41.6, 43.2)       (39.8, 45.2)
                                              g128                 3.8       (65, 39.4)       (68.8, 39.4)
                                              g126                 3.8       (65.8, 39.4)       (69.6, 39.4)
                                             g6164                 3.8       (76.2, 50.8)       (78.2, 49)
                                             g7212                 3.6       (42.2, 49)       (40.4, 50.8)
                                             g6123                 3.6       (54.2, 39.4)       (52.6, 41.4)
                                        clk__L3_I4                 3.6       (65.2, 50.8)       (63.6, 52.8)
                                        clk__L2_I0                 3.6       (58.8, 50.8)       (57, 49)
                                               g23                 3.6       (74, 37.6)       (77.6, 37.6)
                                             g7408                 3.6       (78.4, 50.8)       (82, 50.8)
                                             g7218                 3.6       (78.2, 45.2)       (80, 47)
                                             g7316                 3.6       (62.4, 39.4)       (64, 41.4)
                                             g7327                 3.6       (72.8, 37.6)       (76.4, 37.6)
                                             g7340                 3.4       (61.6, 31.8)       (60.2, 33.8)
                                             g7231                 3.4       (68.8, 33.8)       (70.4, 35.6)
                                             g7256                 3.4       (67.4, 33.8)       (69, 35.6)
                                               g99                 3.4       (60, 50.8)       (58.4, 49)
                                               g50                 3.4       (56.6, 50.8)       (53.2, 50.8)
                                    sub_op1_reg[0]                 3.4       (42.2, 52.8)       (40.6, 54.6)
                                             g6018                 3.4       (45, 52.8)       (43.4, 54.6)
                                             g6052                 3.4       (69.2, 54.6)       (70.6, 56.6)
                                        clk__L2_I6                 3.2       (60.4, 31.8)       (57.2, 31.8)
                                        clk__L4_I2                 3.2       (67, 50.8)       (68.4, 49)
                                            fopt24                 3.2       (73.4, 47)       (74.8, 45.2)
                                               g24                 3.2       (68.4, 39.4)       (71.6, 39.4)
                                                g2                 3.2       (56.8, 31.8)       (55.6, 33.8)
                                             g7313                 3.2       (50.6, 41.4)       (49.2, 43.2)
                                             g7224                 3.2       (67.6, 39.4)       (70.8, 39.4)
                                             g7244                   3       (69.4, 39.4)       (72.4, 39.4)
                                             g7331                   3       (70.6, 39.4)       (73.6, 39.4)
                                              g618                   3       (64.2, 41.4)       (65.4, 43.2)
                                             g5973                   3       (63.8, 35.6)       (62.8, 37.6)
                                             g7204                   3       (78, 41.4)       (79.2, 43.2)
                                             g6185                   3       (58.6, 31.8)       (55.6, 31.8)
